-152.00000
-151.00000
-148.00000
-148.00000
-146.00000
-148.00000
-148.00000
-148.00000
-148.00000
-148.00000
-148.00000
-148.00000
-148.00000
-148.00000
-148.00000
-148.00000
-148.00000
-148.00000
-148.00000
-148.00000
-148.00000
-148.00000
-148.00000
-148.00000
-146.00000
-146.00000
-146.00000
-146.00000
-146.00000
-146.00000
-146.00000
-146.00000
-146.00000
-146.00000
-146.00000
-146.00000
-146.00000
-146.00000
-146.00000
-146.00000
-146.00000
-146.00000
-146.00000
-146.00000
-146.00000
-146.00000
-146.00000
-146.00000
-146.00000
-146.00000
-146.00000
-146.00000
-146.00000
-146.00000
-146.00000
-146.00000
-146.00000
-146.00000
-146.00000
-146.00000
-146.00000
-146.00000
-146.00000
-146.00000
-146.00000
-146.00000
-146.00000
-146.00000
-146.00000
-146.00000
-146.00000
-146.00000
-146.00000
-146.00000
-146.00000
-146.00000
-146.00000
-146.00000
-146.00000
-146.00000
-146.00000
-146.00000
-146.00000
-146.00000
-146.00000
-146.00000
-146.00000
-146.00000
-146.00000
-146.00000
-146.00000
-146.00000
-146.00000
-146.00000
-146.00000
-146.00000
-146.00000
-146.00000
-146.00000
-146.00000
-146.00000
-146.00000
-146.00000
-146.00000
-146.00000
-146.00000
-146.00000
-146.00000
-146.00000
-146.00000
-146.00000
-146.00000
-146.00000
-146.00000
-146.00000
-146.00000
-146.00000
-146.00000
-146.00000
-146.00000
-146.00000
-146.00000
-146.00000
-146.00000
-146.00000
-146.00000
-146.00000
-146.00000
-146.00000
-146.00000
-146.00000
-146.00000
-146.00000
-146.00000
-146.00000
-146.00000
-146.00000
-146.00000
-146.00000
-144.00000
-144.00000
-144.00000
-144.00000
-144.00000
-144.00000
-144.00000
-144.00000
-144.00000
-144.00000
-144.00000
-144.00000
-144.00000
-144.00000
-144.00000
-144.00000
-144.00000
-144.00000
-144.00000
-144.00000
-144.00000
-144.00000
-144.00000
-144.00000
-141.00000
-141.00000
-141.00000
-141.00000
-141.00000
-141.00000
-141.00000
-141.00000
-141.00000
-141.00000
-141.00000
-141.00000
-141.00000
-141.00000
-141.00000
-141.00000
-141.00000
-141.00000
-141.00000
-141.00000
-141.00000
-141.00000
-141.00000
-141.00000
-141.00000
-141.00000
-141.00000
-141.00000
-141.00000
-141.00000
-141.00000
-141.00000
-141.00000
-141.00000
-141.00000
-141.00000
-141.00000
