-203.75000
-198.43000
-192.60000
-192.64000
-191.64000
-186.97000
-183.57000
-184.97000
-181.41000
-176.93000
-174.95000
-172.85000
-171.30000
-172.75000
-173.52000
-171.28000
-173.26000
-173.34000
-170.73000
-174.43000
-173.07000
-172.68000
-174.19000
-171.16000
-171.98000
-173.53000
-172.60000
-170.95000
-171.51000
-174.16000
-172.88000
-174.10000
-174.14000
-174.79000
-172.63000
-172.08000
-176.00000
-173.98000
-177.38000
-171.35000
-172.26000
-175.28000
-175.12000
-171.97000
-172.88000
-170.83000
-174.83000
-174.99000
-174.33000
-171.66000
-172.26000
-171.61000
-176.09000
-174.23000
-173.14000
-175.67000
-174.25000
-171.73000
-170.15000
-173.09000
-171.67000
-176.64000
-173.47000
-170.74000
-172.75000
-175.40000
-171.60000
-170.63000
-173.61000
-174.02000
-169.40000
-174.03000
-174.67000
-172.49000
-173.29000
-172.89000
-173.09000
-170.33000
-174.91000
-177.69000
-169.55000
-173.18000
-173.11000
-176.26000
-177.36000
-173.31000
-172.88000
-172.63000
-172.13000
-172.37000
-174.91000
-173.47000
-173.07000
-173.32000
-174.52000
-174.21000
-173.77000
-171.36000
-176.24000
-174.45000
-171.69000
-175.20000
-170.90000
-173.97000
-174.28000
-172.14000
-172.19000
-173.85000
-173.51000
-173.00000
-174.20000
-173.27000
-173.53000
-173.17000
-170.55000
-173.39000
-172.33000
-172.72000
-171.91000
-174.78000
-175.99000
-173.55000
-173.38000
-174.34000
-172.16000
-171.66000
-172.32000
-173.79000
-174.29000
-173.76000
-170.97000
-174.00000
-171.40000
-173.93000
-171.29000
-174.47000
-178.02000
-172.30000
-169.89000
-171.60000
-171.55000
-172.49000
-174.37000
-171.93000
-172.79000
-175.93000
-174.03000
-172.79000
-173.97000
-174.73000
-173.62000
-174.25000
-175.51000
-170.08000
-170.93000
-172.26000
-175.26000
-172.22000
-174.24000
-175.39000
-172.78000
-171.87000
-172.85000
-171.68000
-172.08000
-173.11000
-171.35000
-170.94000
-173.06000
-173.52000
-172.17000
-171.95000
-171.17000
-173.61000
-175.55000
-174.54000
-173.33000
-173.08000
-173.32000
-175.01000
-172.85000
-173.98000
-171.07000
-172.50000
-173.51000
-177.71000
-173.51000
-172.69000
-173.09000
-172.26000
-171.81000
-171.01000
-175.11000
-173.27000
-174.37000
-171.27000
-176.28000
-177.17000
-170.36000
-171.83000
-170.86000
-171.90000
-175.51000
-172.76000
-174.89000
-174.84000
-170.94000
-172.57000
-171.92000
-173.75000
-170.63000
-172.10000
-171.60000
-172.83000
-171.21000
-173.25000
-170.91000
-174.51000
-172.81000
-175.64000
-170.52000
-172.02000
-171.04000
-172.21000
-173.27000
-174.38000
-173.62000
-177.26000
-176.13000
-172.97000
-173.73000
-171.35000
-172.60000
-172.23000
-173.65000
-177.37000
-171.38000
-172.69000
-173.20000
-171.80000
-171.07000
-172.08000
-172.00000
-171.49000
-175.03000
-172.83000
-173.46000
-172.85000
-173.68000
-173.87000
-175.73000
-171.64000
-168.74000
-171.32000
-171.19000
-175.08000
-175.02000
-172.41000
-174.66000
-171.16000
-173.93000
-174.03000
-179.17000
-175.14000
-171.64000
-173.94000
-176.84000
-173.02000
-174.44000
-171.96000
-173.43000
-175.08000
-178.09000
-172.56000
-171.00000
-172.81000
-173.50000
-174.61000
-176.69000
-172.31000
-171.66000
-172.26000
-173.61000
-177.10000
-172.09000
-176.56000
-174.26000
-174.70000
-171.04000
-173.65000
-171.63000
-174.39000
-175.15000
-172.61000
-172.24000
-172.24000
-170.49000
-172.42000
-172.62000
-176.46000
