-181.86000
-176.10000
-176.34000
-170.56000
-167.22000
-166.62000
-170.64000
-171.86000
-166.62000
-166.28000
-167.06000
-163.56000
-166.90000
-167.78000
-173.52000
-170.06000
-171.20000
-167.84000
-168.88000
-170.02000
-164.76000
-168.90000
-170.36000
-170.34000
-166.88000
-166.06000
-165.24000
-168.52000
-165.82000
-168.00000
-164.66000
-164.56000
-167.96000
-167.16000
-165.40000
-175.00000
-167.50000
-166.26000
-166.98000
-165.38000
-167.48000
-172.44000
-161.34000
-167.60000
-162.76000
-170.16000
-166.24000
-160.54000
-162.66000
-166.58000
-170.18000
-167.82000
-167.48000
-166.52000
-168.88000
-162.78000
-165.58000
-164.34000
-165.04000
-166.02000
-166.42000
-175.86000
-165.80000
-169.00000
-171.02000
-174.86000
-162.74000
-171.40000
-167.42000
-170.44000
-168.34000
-163.94000
-176.06000
-173.46000
-170.46000
-166.38000
-161.54000
-163.48000
-166.90000
-166.16000
-165.42000
-162.64000
-171.72000
-168.32000
-167.34000
-168.50000
-166.26000
-169.42000
-163.92000
-171.74000
-162.10000
-170.84000
-169.64000
-166.56000
-170.22000
-165.52000
-167.72000
-168.42000
-162.92000
-168.50000
-166.40000
-168.98000
-162.26000
-167.56000
-160.50000
-168.84000
-163.60000
-171.84000
-168.64000
-171.08000
-166.64000
-168.52000
-166.06000
-171.32000
-161.00000
-165.36000
-168.54000
-166.28000
-165.54000
-168.56000
-160.50000
-168.82000
-166.94000
-169.32000
-172.00000
-160.60000
-165.88000
-163.98000
-166.60000
-166.06000
-172.04000
-164.70000
-166.78000
-166.76000
-164.76000
-164.08000
-169.50000
-166.02000
-172.26000
-166.06000
-167.26000
-163.58000
-167.98000
-161.12000
-165.00000
-167.74000
-171.32000
-165.48000
-170.24000
-170.70000
-162.94000
-162.84000
-165.52000
-166.26000
-170.74000
-167.78000
-171.24000
-171.28000
-167.48000
-166.86000
-161.88000
-168.10000
-161.90000
-164.70000
-168.66000
-169.42000
-163.44000
-158.34000
-162.02000
-165.80000
-172.44000
-169.26000
-159.64000
-164.20000
-170.16000
-167.04000
-157.66000
-162.20000
-162.74000
-165.08000
-168.16000
-161.84000
-164.58000
-161.54000
-161.84000
-164.06000
-167.02000
-166.96000
-167.36000
-166.36000
-167.34000
-170.02000
-164.88000
-165.98000
-168.50000
-163.26000
-165.44000
-161.34000
-159.94000
-159.52000
